image_width: 640
image_height: 480
camera_name: head_camera
camera_matrix:
  rows: 3
  cols: 3
  data: [668.333490, 0.000000, 318.245034, 0.000000, 686.734450, 233.011295, 0.000000, 0.000000, 1.000000]
distortion_model: plumb_bob
distortion_coefficients:
  rows: 1
  cols: 5
  data: [-0.923171, 0.746462, 0.004303, 0.006051, 0.000000]
rectification_matrix:
  rows: 3
  cols: 3
  data: [1.000000, 0.000000, 0.000000, 0.000000, 1.000000, 0.000000, 0.000000, 0.000000, 1.000000]
projection_matrix:
  rows: 3
  cols: 4
  data: [499.497925, 0.000000, 324.705168, 0.000000, 0.000000, 598.055420, 232.561819, 0.000000, 0.000000, 0.000000, 1.000000, 0.000000]
